16384
1
2
4
5
65536
8
10
1342177280
16
20
78125000000000
3435973836800000
25
2147483648000000
2097152
32
64000000000000
1024
40
524288000000
100000000000000000
50
8192000000000000
488281250000000000
51200000000000
12800000000
64
327680000000
8589934592
312500000000000
6871947673600
125000
596046447753906250
1099511627776
131072000000000
209715200000
80
335544320000
3355443200000000
131072000000
390625000000000
180143985094819840
1407374883553280
52428800000
25600000000
13107200000
100
6250
34359738368
25600000000000
32000000000
16777216000000000
256000000000000000
549755813888000000
125
80000
10737418240
12800000000000
1600000000
42949672960000
343597383680000000
62500000000
2684354560000
250000
20000000000000000
67108864
16777216000
131072
160
137438953472000000
7036874417766400
5120
5120000
54975581388800000
6400000000000
13743895347200000
100000000000000
10240000000000000
171798691840000000
409600000000
72057594037927936
64000000000
4882812500000
381469726562500
200
3435973836800
488281250000
5242880000000000
12500
209715200
819200000000
163840000000000000
83886080000000
171798691840
1024000000000
800000000000000000
250
85899345920000
39062500000000
576460752303423488
1250000000000000
13743895347200
687194767360000000
67108864000
83886080000000000
125000000000
137438953472000
1342177280000000
4194304
262144
76293945312500000
219902325555200
163840000
16000000
4000000000
3200000000000000
78125
500000000
10240000
25600000000000000
1073741824000
3906250000000
2048000000000
19073486328125
4503599627370496
200000000000000
48828125000000
17179869184
976562500
1562500000000000
40960
1374389534720
1677721600
19531250000
262144000000000
80000000000000
156250000000
10000000000000000
327680
2048
671088640000
1099511627776000
625000
20480000000000
625000000
20971520000000000
335544320000000
107374182400000000
6103515625000000
33554432000000
762939453125000
2500000000000
214748364800000
30517578125
160000
400
2684354560
134217728000000
1953125000000000
3906250000000000
1759218604441600
53687091200000
8388608
13421772800000
976562500000
625000000000000
31250000000000
25000
20971520000000
327680000
40960000000000000
160000000000
16384000000
1374389534720000
6400000000000000
9007199254740992
2560000000
2500000
21474836480
2500
536870912000
351843720888320000
81920000000000000
25000000000
3814697265625
429496729600000000
10485760
3355443200000
1310720000000000
2097152000000
152587890625000
6103515625
6553600000000000
32000
2048000
500
128000000000000000
109951162777600
11258999068426240
512
500000000000
17179869184000000
781250000000000
6400000000
953674316406250000
102400000000000
31250
214748364800
200000000
5497558138880
100000000000
4096000000000000
524288
7812500000
9765625000000
250000000000
5120000000000
838860800
81920000000
20480000
152587890625000000
1280000
12500000000000
42949672960000000
8388608000
244140625
1000000000
156250
1024000000
34359738368000
10485760000000000
16384000000000000
65536000
7812500000000
81920
625
43980465111040
879609302220800
38146972656250
16000000000000
97656250000000
167772160000000
40000000000
400000000000000
8000000000
640000000
1953125000
1717986918400
70368744177664000
655360000000000000
512000
2048000000000000
3125000000000
2748779069440
8796093022208000
16777216
655360
39062500000
4096
1250000000000
671088640000000000
10737418240000000
1638400000000000
312500000000
256000000
256000000000
6871947673600000
655360000
31250000000
18014398509481984
102400000
4294967296000000
122070312500000
64000000
25600000
1717986918400000
2384185791015625
3906250
17179869184000
429496729600000
562949953421312
1250000
13421772800
900719925474099200
32768000000
819200000000000
703687441776640000
134217728000
1250000000
2621440
500000000000000
5000000000000
16777216000000
409600000000000
9765625
1280000000000
50000000
20480000000
32768000000000000
156250000000000000
2147483648
2814749767106560
1525878906250000
7812500000000000
3051757812500
320000
209715200000000000
61035156250
20971520
6553600000000
800
9536743164062500
25600
15625000
2000000
8192000000
13107200000000
107374182400
17592186044416000
10240000000
3276800000
22517998136852480
320000000000
762939453125000000
119209289550781250
819200000
160000000
25000000
104857600000000
26214400000000
50000
8192000000000
2251799813685248
32768000000000
5120000000
390625000000000000
879609302220800000
219902325555200000
524288000000000
858993459200
16000000000000000
20000000000000
30517578125000000
195312500
62500000000000
536870912000000000
8000
1342177280000
83886080000
524288000000000000
5000
8589934592000
134217728
250000000000000000
1220703125
5000000000
70368744177664
102400000000000000
1562500000
40000000000000000
50000000000
65536000000000
858993459200000
409600
7629394531250
8589934592000000
1600
1953125000000
10240000000000
4096000
24414062500000
781250
409600000000000000
320000000000000000
305175781250000
320
12207031250
1907348632812500
64000
5120000000000000
140737488355328
23841857910156250
163840000000
51200000000
5000000
5497558138880000
5368709120
1000000000000
39062500
31250000000000000
1000
640000000000000
2000000000000000
549755813888000
625000000000000000
256000000000000
640000
244140625000000000
32768
2621440000000000
268435456
2441406250000
41943040000000
4096000000000
838860800000000000
10485760000
1048576
12500000
536870912000000
62500
298023223876953125
400000000
3200000000
15625000000
33554432000
13107200
204800000000000000
195312500000000
419430400000000000
3125
144115188075855872
131072000
5000000000000000
40000
42949672960
195312500000000000
16000000000
2199023255552
335544320
14073748835532800
12207031250000
2560
281474976710656
6710886400000000
35184372088832000
40960000
32000000000000
190734863281250
2560000
1000000000000000000
50000000000000000
50000000000000
244140625000
10995116277760000
13421772800000000
450359962737049600
655360000000000
10485760000000
2560000000000000
305175781250000000
6710886400000
25000000000000
4194304000000
26843545600000000
38146972656250000
640000000000000000
419430400000
8000000
27487790694400
351843720888320
33554432000000000
33554432
163840000000000
3276800
62500000
488281250
5242880000
102400000000
2000000000
68719476736000
9765625000
2621440000000
20480
312500
288230376151711744
274877906944000
160000000000000000
36028797018963968
163840
3051757812500000
512000000000
400000
137438953472
976562500000000
2097152000000000
5368709120000
15625000000000
1310720000
2097152000
81920000
204800000000000
1250
1600000000000000
80000000000
327680000000000000
67108864000000000
12500000000
1280000000
76293945312500
1677721600000
360287970189639680
16000
225179981368524800
1280
87960930222080000
400000000000
1024000
476837158203125000
15625
6710886400
536870912
100000000
3906250000
1638400000000
128000000000
52428800000000
104857600
1310720
195312500000
800000000
6250000000000
8192
2199023255552000
20971520000
3125000000
640000000000
5242880
112589990684262400
512000000
78125000000
976562500000000000
274877906944
1048576000000
1562500000000
512000000000000
320000000
4194304000000000
625000000000
256000
10737418240000
83886080
5629499534213120
204800000
134217728000000000
262144000000000000
2560000000000
1953125
819200000000000000
128000000
40960000000
51200000
32000000
12800000
655360000000
8388608000000000
27487790694400000
21990232555520000
390625000000
53687091200
32768000
250000000000000
214748364800000000
1525878906250
343597383680
671088640
61035156250000
4768371582031250
78125000000000000
7812500
12800
1000000
41943040
262144000000
381469726562500000
59604644775390625
80000000
87960930222080
104857600000
122070312500000000
65536000000
26214400000
6553600000
858993459200000000
97656250
500000000000000000
45035996273704960
1000000000000000
4000
4000000000000000
10000000000000
109951162777600000
2500000000
781250000
703687441776640
167772160000000000
3200000000000
512000000000000000
838860800000000
390625
4096000000
204800
274877906944000000
953674316406250
2684354560000000
1638400000
11920928955078125
312500000000000000
200000
19531250
4398046511104
54975581388800
68719476736000000
156250000000000
171798691840000
610351562500000000
15625000000000000
8000000000000000
90071992547409920
1220703125000
19531250000000
256
6250000
439804651110400000
125000000000000000
2147483648000
20000
97656250000000000
6103515625000
327680000000000
2500000000000000
95367431640625
122070312500
720575940379279360
32000000000000000
8000000000000
244140625000000
320000000000000
104857600000000000
20000000000
19073486328125000
140737488355328000
549755813888
204800000000
4000000
1677721600000000
31250000
131072000000000000
4882812500
20480000000000000
1638400
26843545600
6553600
64000000000000000
10240
488281250000000
21474836480000
12500000000000000
5242880000000
8796093022208
6250000000
25000000000000000
268435456000
238418579101562500
200000000000
152587890625
343597383680000
1073741824000000
97656250000
85899345920
419430400
16384000
100000
3200000
781250000000000000
781250000000
80000000000000000
4194304000
41943040000000000
6400000
671088640000000
10995116277760
12800000000000000
128000
40000000000000
800000000000000
500000
762939453125
30517578125000
65536000000000000
687194767360
6400
190734863281250000
1024000000000000
125000000000000
40000000
61035156250000000
268435456000000
52428800
48828125
52428800000000000
390625000
439804651110400
107374182400000
400000000000000000
67108864000000
26843545600000
476837158203125
4398046511104000
175921860444160000
56294995342131200
250000000
102400
610351562500
3125000
128
1073741824
10000
26214400000000000
3276800000000
48828125000000000
85899345920000000
3276800000000000
524288000
312500000
10000000000
2441406250
4000000000000
16384000000000
409600000
838860800000
1280000000000000
562949953421312000
819200
1220703125000000
68719476736
40960000000000
39062500000000000
6250000000000000
48828125000
41943040000
7629394531250000
2621440000
209715200000000
51200000000000000
1600000
1125899906842624
8192000
419430400000000
15258789062500
95367431640625000
3200
335544320000000000
20000000
17592186044416
35184372088832
53687091200000000
125000000
305175781250
640
1562500
13107200000000000
5368709120000000
268435456000000000
3355443200
24414062500000000
167772160000
156250000
51200
1048576000000000
687194767360000
43980465111040000
2748779069440000
8388608000000
610351562500000
160000000000000
24414062500
19531250000000000
2000000000000
3814697265625000
128000000000000
167772160
800000
62500000000000000
3125000000000000
47683715820312500
34359738368000000
10000000
26214400
1600000000000
15258789062500000
4294967296
200000000000000000
78125000
12207031250000000
2000
81920000000000
9765625000000000
3518437208883200
429496729600
262144000
1310720000000
28147497671065600
21474836480000000
2048000000
4294967296000
4882812500000000
800000000000
1048576000
21990232555520
175921860444160
2441406250000000
281474976710656000
